40.335  -6.2986  -1.5434  3.6764  -3.0122  -0.0074811  -0.95722  0.37096  0.24868  0.39987  0.53699  0.28906  -0.24504  0.26752  -0.064318  0.1428  -0.1186  0.27616  -1.2235  0.38548  -0.35535  0.36819  0.44391  -0.062604  0.00028992  -0.37119  0.050238
-6.2986  20.314  7.8042  -0.99453  -1.7901  -1.8105  2.7796  -2.7209  3.1883  0.54142  -1.2346  0.0051586  0.87693  0.11682  -0.57405  0.13129  0.089087  -0.42567  0.6889  -0.39336  0.065945  -0.093431  0.14701  -0.085475  0.2097  0.16764  -0.19251
-1.5434  7.8042  13.851  -2.7696  -1.6841  0.94873  -0.67356  -2.0724  2.7452  -0.17875  -0.49371  -0.30266  0.74214  0.30032  -0.59864  0.17927  -0.20841  -0.1377  0.50393  -0.33932  -0.034133  0.14199  0.042188  0.038012  0.1173  0.024662  -0.16452
3.6764  -0.99453  -2.7696  6.2829  -1.7443  -1.1764  -0.00080515  0.4058  -0.59638  -0.7439  0.29807  0.080826  -0.035411  0.089513  0.089624  -0.10054  0.019418  -0.088973  -0.3727  0.1072  -0.18155  0.04218  0.24109  -0.0019922  -0.026269  -0.1301  0.0012016
-3.0122  -1.7901  -1.6841  -1.7443  4.8404  -0.76109  0.17058  0.62854  -0.66439  1.4332  -0.59242  -0.41861  -0.34003  -0.12856  0.42418  -0.10467  0.34183  0.25769  0.49146  0.027539  0.060193  -0.23487  -0.31739  0.10653  0.06289  0.12969  0.14832
-0.0074811  -1.8105  0.94873  -1.1764  -0.76109  3.688  -1.5797  -0.89146  0.49992  -0.19479  0.073706  0.17181  -0.02633  -0.060668  -0.084666  0.27634  -0.15214  -0.16019  -0.14894  0.11979  0.065351  0.00092876  -0.089779  -0.035063  0.06718  -0.031331  -0.017289
-0.95722  2.7796  -0.67356  -0.00080515  0.17058  -1.5797  2.2649  -0.25043  -0.34899  0.75609  -0.28311  -0.24235  -0.0042078  -0.023377  0.039733  -0.027423  0.23098  -0.001084  0.32019  0.01336  -0.0084657  -0.14404  -0.038689  -0.021949  -0.024938  0.11719  0.024045
0.37096  -2.7209  -2.0724  0.4058  0.62854  -0.89146  -0.25043  2.2708  -1.1716  0.31871  -0.12284  -0.031586  -0.075912  0.069926  0.19203  -0.18072  -0.023707  0.093713  -0.007443  -0.005469  -0.052516  0.077855  0.052617  0.045315  -0.10535  -0.086199  0.041825
0.24868  3.1883  2.7452  -0.59638  -0.66439  0.49992  -0.34899  -1.1716  2.6391  -0.19919  -0.15046  0.078384  0.29577  -0.039973  -0.16735  0.14912  -0.14912  -0.16158  -0.086261  -0.1815  -0.0052802  0.14341  0.080172  0.013426  0.08911  -0.055387  -0.16268
0.39987  0.54142  -0.17875  -0.7439  1.4332  -0.19479  0.75609  0.31871  -0.19919  3.8867  -1.6086  -1.1615  -0.31086  0.13114  0.5722  0.18356  0.39846  0.033327  0.91917  0.022027  -0.15971  -0.321  -0.21143  0.23864  0.21305  0.12134  -0.0203
0.53699  -1.2346  -0.49371  0.29807  -0.59242  0.073706  -0.28311  -0.12284  -0.15046  -1.6086  1.0446  0.48304  -0.05094  -0.17864  -0.2481  -0.020121  -0.17063  0.080848  -0.44392  0.077196  0.12303  0.10907  0.022914  -0.12306  -0.089555  -0.032562  0.027892
0.28906  0.0051586  -0.30266  0.080826  -0.41861  0.17181  -0.24235  -0.031586  0.078384  -1.1615  0.48304  0.62654  0.06556  -0.15212  -0.2115  -0.062181  -0.088724  0.0091621  -0.36312  0.010059  0.10138  0.12746  0.057739  -0.11451  -0.069208  -0.033278  0.005538
-0.24504  0.87693  0.74214  -0.035411  -0.34003  -0.02633  -0.0042078  -0.075912  0.29577  -0.31086  -0.05094  0.06556  0.40295  0.052283  -0.12561  -0.11042  -0.099836  -0.075261  -0.10289  -0.071148  -0.016351  0.10359  0.10075  -0.022328  -0.054668  -0.045957  -0.029309
0.26752  0.11682  0.30032  0.089513  -0.12856  -0.060668  -0.023377  0.069926  -0.039973  0.13114  -0.17864  -0.15212  0.052283  0.31652  0.026728  -0.097442  -0.060444  -0.014302  0.094017  -0.059461  -0.078868  -0.011073  0.062994  0.067069  -0.014623  -0.018557  -0.0052641
-0.064318  -0.57405  -0.59864  0.089624  0.42418  -0.084666  0.039733  0.19203  -0.16735  0.5722  -0.2481  -0.2115  -0.12561  0.026728  0.29453  0.024044  0.025309  -0.024707  0.1388  -0.0073757  -0.044534  -0.063534  -0.028863  0.072534  0.030043  -0.002513  0.00062421
0.1428  0.13129  0.17927  -0.10054  -0.10467  0.27634  -0.027423  -0.18072  0.14912  0.18356  -0.020121  -0.062181  -0.11042  -0.097442  0.024044  0.29315  0.024336  -0.092523  0.016594  0.030803  0.017367  -0.051755  -0.041733  0.0099845  0.073578  0.0099553  -0.031223
-0.1186  0.089087  -0.20841  0.019418  0.34183  -0.15214  0.23098  -0.023707  -0.14912  0.39846  -0.17063  -0.088724  -0.099836  -0.060444  0.025309  0.024336  0.23671  0.029329  0.12841  0.029436  0.0058812  -0.076607  -0.072092  0.012555  0.053472  0.057107  0.019947
0.27616  -0.42567  -0.1377  -0.088973  0.25769  -0.16019  -0.001084  0.093713  -0.16158  0.033327  0.080848  0.0091621  -0.075261  -0.014302  -0.024707  -0.092523  0.029329  0.1872  0.039363  0.02375  0.0087887  -0.021811  -0.03804  -0.0057453  -0.0056989  0.031739  0.040183
-1.2235  0.6889  0.50393  -0.3727  0.49146  -0.14894  0.32019  -0.007443  -0.086261  0.91917  -0.44392  -0.36312  -0.10289  0.094017  0.1388  0.016594  0.12841  0.039363  0.64826  -0.11242  -0.095058  -0.17488  -0.098454  0.099793  0.080618  0.093298  0.024473
0.38548  -0.39336  -0.33932  0.1072  0.027539  0.11979  0.01336  -0.005469  -0.1815  0.022027  0.077196  0.010059  -0.071148  -0.059461  -0.0073757  0.030803  0.029436  0.02375  -0.11242  0.1864  -0.0031505  -0.04452  -0.034957  -0.035743  0.011449  0.00095466  0.031369
-0.35535  0.065945  -0.034133  -0.18155  0.060193  0.065351  -0.0084657  -0.052516  -0.0052802  -0.15971  0.12303  0.10138  -0.016351  -0.078868  -0.044534  0.017367  0.0058812  0.0087887  -0.095058  -0.0031505  0.13963  -0.0047825  -0.047365  -0.03836  0.012031  0.017565  -0.016075
0.36819  -0.093431  0.14199  0.04218  -0.23487  0.00092876  -0.14404  0.077855  0.14341  -0.321  0.10907  0.12746  0.10359  -0.011073  -0.063534  -0.051755  -0.076607  -0.021811  -0.17488  -0.04452  -0.0047825  0.18577  0.044886  -0.032033  -0.074607  -0.052069  -0.014315
0.44391  0.14701  0.042188  0.24109  -0.31739  -0.089779  -0.038689  0.052617  0.080172  -0.21143  0.022914  0.057739  0.10075  0.062994  -0.028863  -0.041733  -0.072092  -0.03804  -0.098454  -0.034957  -0.047365  0.044886  0.1522  -0.010623  -0.060325  -0.048431  -0.010353
-0.062604  -0.085475  0.038012  -0.0019922  0.10653  -0.035063  -0.021949  0.045315  0.013426  0.23864  -0.12306  -0.11451  -0.022328  0.067069  0.072534  0.0099845  0.012555  -0.0057453  0.099793  -0.035743  -0.03836  -0.032033  -0.010623  0.10004  0.012634  0.00048944  -0.018753
0.00028992  0.2097  0.1173  -0.026269  0.06289  0.06718  -0.024938  -0.10535  0.08911  0.21305  -0.089555  -0.069208  -0.054668  -0.014623  0.030043  0.073578  0.053472  -0.0056989  0.080618  0.011449  0.012031  -0.074607  -0.060325  0.012634  0.12761  0.010699  -0.024543
-0.37119  0.16764  0.024662  -0.1301  0.12969  -0.031331  0.11719  -0.086199  -0.055387  0.12134  -0.032562  -0.033278  -0.045957  -0.018557  -0.002513  0.0099553  0.057107  0.031739  0.093298  0.00095466  0.017565  -0.052069  -0.048431  0.00048944  0.010699  0.081503  -6.2121e-05
0.050238  -0.19251  -0.16452  0.0012016  0.14832  -0.017289  0.024045  0.041825  -0.16268  -0.0203  0.027892  0.005538  -0.029309  -0.0052641  0.00062421  -0.031223  0.019947  0.040183  0.024473  0.031369  -0.016075  -0.014315  -0.010353  -0.018753  -0.024543  -6.2121e-05  0.07235
