0.70867  0.22383  0.075979  0.5567  0.55677  -0.28545  -0.73198  -0.70785  -0.7818  -0.55286  -0.25628  -0.14251  0.25679
0.22383  4.0302  -0.53583  0.27895  1.3738  1.8671  -1.2124  0.81001  -1.3197  -0.82654  -0.28554  1.7876  -0.36275
0.075979  -0.53583  6.2761  3.2049  1.2317  1.6366  2.0042  0.61115  -1.7092  0.5079  -0.21162  -1.0977  2.4669
0.5567  0.27895  3.2049  9.6039  3.2436  1.4771  1.0287  -2.2994  -0.016702  0.046036  -0.70536  -1.047  -0.253
0.55677  1.3738  1.2317  3.2436  11.343  1.4848  -1.0409  0.50466  1.0251  -0.95817  -3.7143  -1.9493  -2.0588
-0.28545  1.8671  1.6366  1.4771  1.4848  10.147  2.953  1.7944  -2.3615  -3.3563  -0.79189  -0.69791  -3.2555
-0.73198  -1.2124  2.0042  1.0287  -1.0409  2.953  15.731  1.2778  -1.1774  -3.0215  -0.57438  -1.6822  -2.473
-0.70785  0.81001  0.61115  -2.2994  0.50466  1.7944  1.2778  13.316  1.4768  -2.9741  0.76307  -1.9624  -2.6896
-0.7818  -1.3197  -1.7092  -0.016702  1.0251  -2.3615  -1.1774  1.4768  20.912  4.2215  0.68758  1.2984  -2.9621
-0.55286  -0.82654  0.5079  0.046036  -0.95817  -3.3563  -3.0215  -2.9741  4.2215  18.265  3.9912  4.8301  0.19558
-0.25628  -0.28554  -0.21162  -0.70536  -3.7143  -0.79189  -0.57438  0.76307  0.68758  3.9912  20.812  0.71076  1.0389
-0.14251  1.7876  -1.0977  -1.047  -1.9493  -0.69791  -1.6822  -1.9624  1.2984  4.8301  0.71076  18.862  1.9909
0.25679  -0.36275  2.4669  -0.253  -2.0588  -3.2555  -2.473  -2.6896  -2.9621  0.19558  1.0389  1.9909  29.667
